1100000100001011010000111010100011111110110000001101111100011000
00011101100000000000110010100001001010111010010010110011001100111
0011110010100100101100010111010000011001010101111110001001100010
0100000100011110011101011011010101000111100000100101101000100100
0011000010010011101011000111000010110101110111011000001110000111
1101110011000011000100111101100011001011000000001011010101000000
1101010000110111000011000000000111010000000000101110010010111001
1010011110011111001100001101110001100110010111101001001110100000
1110110110111110000000010100110110011101111100011110000101111101
0100010000101101111111101001000100111010110000011000000011110001
