1001011110001010011101010001101011110000000011011110000010110100
0011001101100101011100110001001011110100100000111010111010111010
0011101000100010110011110101001111110010001111000000000010100101
0001111110101000011000001010101011111010110001011111110001001101
0111110000111011001111111110110110010010010000100010110111010111
1110100110011001011001111100110011100000010000110000101011011000
1010001111011001000100100010110100000001100000000101110100001101
0001011011101010001000000011001100001011111011000011011010111100
1101100101100111101011101100110101001001101101000010100001000000
0011010001110000111111100111010011010011011101000110100010011001
