0010111101110100010100010111010100110111001100100010011000001100
0010001100000010010111100001101101010010111010100111010010111000
1000111111000001111100000011001100110101100011001000101011111110
1001101011010101110001101101001110011111100111111101001000011100
0110111001000110000110101100101111000011111100111011111011101011
1001111100110100000100011010010110000011000100110111100111101100
0101111010100001101001101011010001101100011010100111100111111011
0000010100011111000100110001001011101000100110010001000100111110
1010111101111011110011001011011100100110101101011101010111100000
0101000111011111110000011100000100110100101100010000010011000101
