0111110110010001000001111111010001010101100110100000101010111001
01010001001010011111100011000111011110010101100110000000000111010
0011110000000000011110000010101111000111000010111111100111000101
0110001111100111000011010001111101000011110000111110011110101001
1000110000111110000100110011101100100010100110010001010000110011
0000011111101100100111010001000000001110001110000010011011011110
1010100011100011110101010100001110100011010101111001010011101011
1101011110000000001001000111010001110110101011101001000010101010
1111101010110110100011001101010111100001110101110100010010010010
1001011100111000101110111101111101000001001010101110011101101001
