0001011110000110111110010000000000101101010001111010001111011010
0100001101110010010010011101100000010000001000010110011100100001
0000000101100001110111111010000111000110000101101011010110000010
1111010010101010111100010011000110000001110111010101011101001100
0011001010010100101000010001101000101001111110100110110010101110
1100001000100101111001000000000010111001010110011101100000000100
0100010110011100000101110110100111101000111111010001110000001011
0001110001010111011100100110100010111110110100100000001011111100
1111010110100101100011011110000111100111101111000111110111001010
0001101100010010110001101101010111010011110100000101001111101110
