rounds: 6 key: 0010111110110110011000101001111011010010010001111101001111111101
1001000100010001011010001011101001011100111110001011111100100101 1011100100100101000000001011101010111101001001101010011010010001
1010000110110111010110001001101101111101110011010111101011011110 1100010000001001111000110001110100000100111110101010101101110000
0110010100000000110000100001000111001111100001111010000101110110 1100100000000010110100111100110001110110110110111001000010100011
1001110011000110001110001011101110101000010001110001001100111001 1011100100111101001011011111011111010001010011001000111001101111
0101100101111011111100111011010101110011101100111101101100010100 1001010001111010010010000000101101100001110000000001001011100011
0110101000110011101100001110011100000001001010101100010101100110 1010010001000000001110001101000100100110101101101001101000011100
0010101010000111011101111111100100001111000110000110111110101011 0111100100100110110111011110100100010000000110101111010010011000
1101111010101000011001101000011011101111011110011011111101001000 1101001010011000110001100101010110110000101000100101011001011001
1111010010110011111111100110100001100110110110010111110011010000 1000010100000011111110101001100010001001111111001111000011010111
0000110000101100101110000000110101010110011111010111010010000000 0011110111000000000011101110010101011001110000000110001000010101
0000010111101011011110100001010000000100111010011011111111100010 0110110111000011000000110010001011111110101111111111100010011000
1001000100100101011010011000000110011110001010001100100110010010 1010010101101010010110100111111111001001011010001000110100101100
1101101111000111111110100100000110100000011101110001001010101101 1110010110011011010000011010010110101101001111000001111010011110
1010001111001010101110101111101001000111001011100111101001001100 0110110010011000011100001001111101000101110010010101101101011100
0001101011110100011000000001111011011110000111110000000001101111 1101100000010011110011000011010010101100101111111011100000110010
0100010001101001111100001110001010010010101110100111010101101101 0101111000000101011011010000000100000110001000111011101010000111
1000000101101111101011110010001011100110110000011100111110001010 0101000110100000100010001010111001110011111111010000101010101100
1000101110001001100001001101001010111000111111100001111111010010 0101011010101100001000100110100011110000100010101101101110100111
1111001101111111111100001101000110011111111100000100000011100011 1010100101011001001111001101001100111000100101010101011011101101
0101101000110001110001101110110011101011001110110101100101101100 1100100010011111100000011001100000110101110000101100001110000100
1010101000001000100011101001000111001001010111010001101101010100 1100011001001001111011010101000001011000011010100001001100110111
1110011110011111001001111001111110011101010001100111000110010000 0011010111110111000100110011100010100101111001100011100000110001
1100010101100001011000010110010001010001101000100100100010101011 0101100011001010010010011010110111111011001001001100011111011000
1101001100001110100101111011111001001001111100010010101011110011 0110010011110100011110011010101101110001001111101100001011101011
1111100110111001100001001100001100010110100111110001011111111101 1011111111010000001000100110101001010000100100111111011011101010
0011111000111110100111001101110010000100000011010110110001001010 0111010011011001110100000000110111110110010100010110101100000111
0110111011001110101011101100000001110000111101100110101101000011 0101010100111101110010101000011011110001011110111111101011100110
0000010000000011000000010100110111110100001010110100000111101101 0100110011101001110111101100001100010010111001111011010011110011
1110010011000101101100001111101101100101110010001111100010100011 1101001000000101010100100001000100010011010000000011010111100111
0000011010010101011111111000101110100010111011001101010100010001 0110110111000110110001001010010001000010001001100110001011011001
1011101010000011110100010010101001111010001111000110110101111110 0101011010001010111010111011111101111111001100100000011110000111
0011111101101110110011000011001110011001000011010010000101111110 1000011111100011111101011010110111101101010011001000100001000101
1101001011010001011110010011011110011001011100011101101110100000 0110000010111001110000101001110111110110110011100010011101000011
0000011001011010001010111010100101000110000000001011101000000000 1001011001110110010111101010011001100001010000111101100011110111
1000001110001011001010101111110111000111100101110111110000000111 1001011010101010011100110111010111011001001011011001110001110010
0000010101001000001110101001111101010101010110110001110100100111 0101111110000010101101110010010011011111010011111000111111101101
0010110110010110010111111100011000000111001110100110011000001110 1000110011110011000110001001011000101011111001111100111101001100
1001010010010001101101111101101110010001011100011101101100010101 0100010000001101111110110000000110100010000110111101110111101100
1111110000000110000100101100001110011101100011101100101010100011 1100100001011110001111111001100110100001100000011100001100011110
1101011000000101010000100010101101100000010111110101001110001101 1111001011111010001000001100100101111101111101011110011111100010
1111010110110010010101001111110011101100101110100000101010000000 1000010011001110110101100000100111100110010000111010000111000101
0100110011000001010110111101110100110010001101111111001000101110 1001111110101000100001010110101111110000111110011101110110011000
0011110100000101111100101101101010010011101111000111110101101010 1110111100010111100000000101101100100011001101010000111000111111
1100000110111111100101010010001000011110111010001010111100010011 1010010110111101110011101110011110000110111011000101110100011110
1001101000000011000100001000011010111110000110100000011100001010 0110011110100100100001011101001111010110110000010100111101100000
1101110001100010111001110000111010011001110110100011110111010110 1110100110100100100001110000001010100110101010101110111001010110
1101111100101111101100010111001011101011001011101101110010101101 1001111100011000101111010011011001101101001110001101001100111100
1110111001110010110011110000110001011010011111100010000011110101 1001110111101100010001011010100110111110011100100011011000101000
1000001000110000011110110100000001001010100000100100101000100110 0000110011011111100010001101110010011000001100101011000011110100
1110010100110001001101010111111000001011011100100101010111101010 0000110101000000011101011001100010101101010010010001100011101000
1010000100000110010111011000110000110100001110010011100100100010 0011111101111011101110000100001110001010100000100101100011000000
1010101100001000001011110000011010000111010011111111101100001001 1001110010001011110000100011000001111100001001100011011101111000
0111111101110110010010011100100111111001100100111111000011011110 0010100101111011110110000000100001000101100111111000000110110001
1100010000100101010111001101000010010111101100011011101000111000 0100011101011101001111101111100001100111111011000010100101111001
1011011100010111110001001110110001010001111111100000111011111100 0000001011000001001010110110000000000010011111101101110010010101
0000011000111101000000101000110110001100111111011001011000001011 1000111011000100101111011100001100101101001001010001010001111110
0111010011011111110101010110110101110010110001010100101100110111 1011000011100001010001010100110000010011110001111001110011101111
1110101010100111000001111000000101011001110000011011100100010000 0100100000110000011010010110011000000000001100001001101011001101
1101100101111101111111000010101001111011000010110010011010000010 0000110101110001101001000000000000010001010110100100110001001101
0100100000101001000011111101010100100110101001101110000010011010 0011100100010000010110000010000100100110110000100100111011010111
1000010110110101000001111111100001111010010100100010111101100100 0110000111001110010111100010010100011011100101110100010010000111
1111101000110110111001010101001111110111100111100110001111010000 0100100110011111010101111101111101101001101011010001101111100011
0001110001100000111110101001011101101011001000010001100110110011 1001001001010101000001110010101101100001110101001011011111010101
0100101000101001100010000111000011001111011010010000101101010100 0110001101111001100110100011011010110111111111111100001100011110
0001111000010010010011001001100101100101011110111111110101011111 1000001101101110000011100101000100011110010100000111011111001001
1011000111100011101100101010100110000001000101010111100110011101 0100100010100011001011011000011001101000000100111111101111001101
0111010101110100001101011110000010010101010011101001010011011111 0000011110010011111100100110000011111010001001101011110010100010
0111011100011100010011110100011010000101010110101001101110100100 0110110110011101101010000011000110001111110010101010010010110101
0110110111100111001111011101001001100011001110100011000100010100 1111010101110001010100010101111110010110000111011000000110101001
0001110111100011101111011001111111111000001101110011110001101110 1111001011011101001101011011010000001101100011101000001011000011
1010101101110001010011100100000011000000111000100001111100110111 0010010010000111011101010100101111001001110110011110110110000110
1111111101101110011111101000010011001001000110010010100000110110 1100111011011101110101111010100000011001001111010000010001101011
0000000001100101000010000110001110100000001110010111100010111101 0111101100011001010011101111110100010010100000111111101101101101
0001110000110101010111000001010001101100100110011000001000010111 1100101110000100011001101110110110010111011111011101111010001110
0000101011010001010101111100101010110011011101100000001010110010 0111111110011011010001001111000000010010101001101000010010111111
1110010110000000001101111010111010011001010111111110010010011001 1011011011000001010001111001001100110111011101100110101101110101
1100010111101100111111010110010100100101011101010010001001000001 0111000111000001101101000011010000010001101010101000010001111011
1010101001111111010101010001011100011000110110000010111000100010 1111010000000000010110010110001100001001011111010000110110101101
1010100110000110111011010101110011111100111011110000111111100001 1001100001011101111000111000001011111001010000010000111100111101
0110111101000110100011110000100010100101011100111010000101101010 1111100001110010010101110000000111011000110110110110101111100001
0101111110011110110011111000010000010011111100101100010110111110 0100001110111001111110100010000011011011001010011000011000000001
0111000100011011110101011000100111110011000000111010101110011100 1100100011111110100101000000010010010100001010011000001110111001
1000100110011000111110001000011010000111000001110110011111110110 0001000100110101000111111000101000010001101010001001001000111110
0100110111110111111111101111001101101010101000000101110111001010 0010101100111101100111011101100100001100100110001101011001011000
0011111000101101010011100101001000011111000101000001000010010000 1111000010111011000100101001000011001011100110101111101001011110
0010111111100101000110010010001011101000110001001011111001110010 1010110101111110001011001111101000001100001111100010000010111010
0101110110110110111110001110010010111110010111111101101100001011 0110101100011010001001101011110101111001110001000010011111100111
0101011011011001111111101100000101111001010111001000101110111000 0111100011101100100101110100101011110001100010011011000111101110
1000100111011001000010101010100011101101000110100011100000011100 1000110101101111001101110010010110110110011101010011110001001100
1111111101010001001111101110011100010101111111000101100101110010 1100101110101011011101110100010101010110000110101011111100101010
1011001101010001010101110111000110110001001100100111110000000111 0010110101010101001010100011011101001011100010000110011101011111
0000101101111011110010001000010111010111010100110011110101100000 1010100101100010100110000001000010101101001011100001010011000110
0010110101000111000010000001101001100001010000000011011101100000 0100011110100110010000111000100111111001011001011010101110000110
1001000101110101010001111010011001110010101000010001100100100101 0110010010101001011010101101011100011010101100011000110111101010
1111001001110000100101101010001110100010000100101010101110101101 1001000101110100111001011011110011101110111111001000000001000001
1000110101110011001100100110010011000111011011111100010011110100 1101110101011000011001110101101010011001001000010101110000100110
1011011011001100000011100001011100001100010001010111011110011101 1111000010101110011001000000000110011100111101000110001001000000
1011101110111111010001000010110101100000010111010101001001010010 1011011100111000011010100100011110111001101111001110001000001101
1100110111101000111101100110111111111010101000010001110010001000 0110101000011110100100000110110001010111000010110101111100000100
0001010001001111111011001101101110111110101100011100111101110101 0111110001110010111100010001010000110010001101000010001110001101
