104 148 98 46 36 223 127 7
139 195 60 70 110 59 227 17
2 133 166 27 235 254 176 14
222 124 216 118 71 140 17 19
91 6 157 216 28 37 234 18
144 180 42 39 176 157 120 8
87 72 134 221 62 50 32 25
124 191 105 123 117 53 20 9
39 195 31 185 251 213 46 12
51 66 37 153 48 248 193 2
235 220 226 91 158 180 63 19
144 210 118 66 131 232 140 10
37 215 137 142 214 68 204 3
167 101 86 59 45 81 124 25
138 188 144 123 26 124 4 21
27 135 110 163 196 220 227 11
30 13 45 231 236 49 227 22
194 128 202 51 110 65 191 21
139 208 17 3 230 143 145 21
166 217 125 167 125 254 180 10
190 127 131 133 210 256 179 19
252 84 174 38 232 79 188 10
115 148 118 75 108 182 177 12
221 109 153 88 38 12 163 19
178 118 171 151 36 204 172 9
220 112 216 47 15 213 218 4
84 125 187 253 130 113 109 
149 166 99 129 209 168 47 5
143 217 252 96 31 25 138 16
65 124 163 186 152 233 8 
73 71 100 188 119 56 133 12
190 57 134 71 127 75 7 8
203 180 53 159 196 46 195 23
234 208 242 125 11 171 109 10
81 171 237 170 23 4 112 10
202 82 21 142 71 62 215 21
32 178 113 111 153 213 71 7
234 206 120 141 17 49 193 1
18 32 141 54 234 151 19 13
19 15 69 30 213 72 243 24
71 37 93 13 83 111 196 18
124 85 98 211 167 155 71 19
39 164 234 101 223 206 242 20
196 234 60 189 183 248 136 25
132 53 203 255 146 40 238 8
144 158 152 59 37 9 152 8
5 167 98 198 222 35 254 17
167 142 162 69 36 196 223 15
99 79 146 214 83 169 225 12
117 94 92 101 2 141 7 16
100 105 182 150 44 222 206 19
131 222 196 199 170 0 105 
47 244 154 87 183 168 91 9
34 201 163 2 83 84 119 7
127 210 244 5 37 82 60 20
239 47 209 26 226 156 171 
29 241 215 218 137 137 125 15
15 173 185 66 151 233 194 10
2 228 191 248 247 105 139 22
69 11 184 77 136 106 15 2
170 17 98 55 17 135 96 12
173 116 25 108 104 11 94 24
13 179 161 217 123 64 230 11
134 54 5 201 188 28 113 22
21 76 70 100 97 38 24 5
223 199 76 190 13 12 97 2
161 112 90 50 202 161 203 24
211 190 84 11 99 126 50 4
139 220 255 234 127 148 113 15
15 32 15 229 119 242 188 22
157 158 149 10 253 15 161 3
148 181 52 77 124 36 190 3
176 89 230 203 245 130 159 5
17 187 244 231 172 228 175 4
141 42 79 107 145 17 236 18
147 125 189 107 24 20 52 13
44 4 112 12 40 119 118 2
93 66 134 155 161 63 62 6
90 242 158 217 16 6 236 20
208 34 157 214 60 249 105 15
108 185 86 121 210 204 113 22
38 141 217 247 239 73 84 21
1 93 144 86 184 152 151 7
189 81 116 5 213 6 17 3
112 49 155 159 100 64 197 11
83 155 133 250 160 108 56 
214 59 71 117 184 72 72 5
40 69 102 162 34 117 20 22
50 36 97 106 250 47 216 5
232 3 132 12 254 19 132 20
107 11 51 93 209 62 185 22
226 67 80 28 18 58 186 7
184 94 30 86 118 76 35 23
217 9 17 125 124 160 192 20
166 217 255 155 3 220 59 1
164 54 68 33 167 224 185 12
150 35 44 127 104 238 190 15
196 25 84 248 147 138 133 11
151 177 26 114 178 225 157 25
155 247 33 235 149 207 17 5
218 68 127 12 195 216 163 18
191 128 160 2 6 227 123 18
255 115 72 122 67 64 39 5
199 144 110 138 206 23 194 6
22 128 9 242 240 27 54 13
229 74 134 60 65 29 137 23
145 73 244 114 106 40 212 
159 205 127 36 252 168 87 13
118 13 200 19 147 169 185 3
199 116 235 6 245 231 234 6
44 38 174 105 222 202 26 15
48 111 46 206 253 180 233 
190 252 127 63 137 147 161 15
16 152 156 236 189 228 32 12
247 140 124 240 33 25 169 14
38 58 215 167 149 84 48 11
194 33 83 32 241 55 87 13
254 101 247 117 50 37 231 16
42 240 162 66 141 40 79 21
75 3 56 98 242 133 128 2
128 160 186 201 102 72 128 5
27 233 147 8 136 92 238 2
153 109 222 160 98 236 110 20
209 224 10 198 63 5 153 2
81 139 227 255 141 197 10 6
54 147 25 192 189 135 142 10
210 61 118 178 72 251 183 20
81 19 86 45 120 140 0 1
192 13 65 226 168 147 75 11
232 104 237 149 4 94 198 1
124 120 117 243 119 72 64 12
150 204 217 51 179 224 157 9
180 181 83 193 211 254 78 7
158 39 1 97 16 91 209 22
133 55 88 237 118 131 181 11
141 238 169 251 73 241 56 16
91 251 0 82 87 70 70 11
24 119 171 73 72 181 64 11
244 216 215 18 177 192 72 
125 67 170 224 133 38 234 8
251 46 6 177 147 143 51 5
247 70 206 206 158 78 197 5
14 189 217 145 156 39 160 20
19 28 191 129 133 64 29 1
226 152 58 21 53 178 152 1
58 17 175 175 106 181 174 24
71 157 243 108 204 197 181 15
108 55 81 128 205 70 149 1
11 235 139 199 206 157 186 11
166 108 133 216 91 38 222 12
209 214 12 130 69 21 99 2
105 94 20 78 23 56 241 7
3 176 82 192 185 32 205 6
105 213 73 183 242 16 167 10
129 28 212 67 101 220 93 22
205 197 207 158 118 181 173 2
207 192 49 66 134 203 233 14
86 20 53 107 78 89 160 10
158 130 100 170 247 213 121 22
83 172 132 37 186 1 28 12
203 230 174 111 52 194 158 6
53 232 95 115 245 241 111 16
111 134 95 202 61 39 214 24
243 33 223 116 98 144 21 19
24 174 206 179 214 129 241 8
228 243 227 34 26 208 211 1
202 94 160 74 47 17 180 10
255 170 254 75 2 194 100 22
50 201 185 190 45 218 250 2
117 31 147 216 244 227 172 13
113 146 77 197 247 122 206 13
89 179 12 72 130 117 98 7
59 38 35 154 24 94 122 17
223 165 186 2 152 35 65 21
241 226 187 250 173 119 79 14
42 96 133 95 61 8 77 21
192 80 153 67 74 109 23 24
18 26 180 130 86 189 223 6
66 103 23 188 93 170 71 13
180 85 102 92 27 151 256 16
65 25 43 132 69 0 140 6
140 85 121 69 0 178 212 25
231 143 209 50 238 137 170 15
210 107 76 44 69 6 59 14
30 59 103 199 49 15 138 14
216 33 107 186 95 241 125 1
166 38 200 63 178 64 239 4
195 39 163 204 231 254 106 21
25 218 71 89 63 10 95 9
155 71 203 56 179 237 133 2
204 114 163 103 252 42 107 24
228 132 254 107 46 157 91 9
109 16 20 55 164 118 135 10
94 36 219 160 172 247 138 21
206 7 114 103 58 101 146 20
49 3 224 133 47 164 7 20
33 27 98 32 159 171 196 23
80 113 156 196 234 251 18 14
230 247 47 71 43 139 106 6
10 105 48 97 204 105 136 1
