
				
			|		   S_Box 1					   S_Box 2						S_Box 3						S_Box 4						S_Box 5						S_Box 6						S_Box 7						S_Box 8			
			|	
Rounds 1	|	9	50	33	59	48	16		32	56	1	8	18	41		2	34	25	24	43	57		58	0	35	26	17	40		21	27	38	53	36	3		46	29	4	52	22	28		60	20	37	62	14	19		44	13	12	61	54	30
Rounds 2	|	1	42	25	51	40	8		24	48	58	0	10	33		59	26	17	16	35	49		50	57	56	18	9	32		13	19	30	45	28	62		38	21	27	44	14	20		52	12	29	54	6	11		36	5	4	53	46	22

Rounds 3	|	50	26	9	35	24	57		8	32	42	49	59	17		43	10	1	0	48	33		34	41	40	2	58	16		60	3	14	29	12	46		22	5	11	28	61	4		36	27	13	38	53	62		20	52	19	37	30	6
Rounds 4	|	34	10	58	48	8	41		57	16	26	33	43	1		56	59	50	49	32	17		18	25	24	51	42	0		44	54	61	13	27	30		6	52	62	12	45	19		20	11	60	22	37	46		4	36	3	21	14	53

Rounds 5	|	18	59	42	32	57	25		41	0	10	17	56	50		40	43	34	33	16	1		2	9	8	35	26	49		28	38	45	60	11	14		53	36	46	27	29	3		4	62	44	6	21	30		19	20	54	5	61	37
Rounds 6	|	2	43	26	16	41	9		25	49	59	1	40	34		24	56	18	17	0	50		51	58	57	48	10	33		12	22	29	44	62	61		37	20	30	11	13	54		19	46	28	53	5	14		3	4	38	52	45	21

Rounds 7	|	51	56	10	0	25	58		9	33	43	50	24	18		8	40	2	1	49	34		35	42	41	32	59	17		27	6	13	28	46	45		21	4	14	62	60	38		3	30	12	37	52	61		54	19	22	36	29	5
Rounds 8	|	35	40	59	49	9	42		58	17	56	34	8	2		57	24	51	50	33	18		48	26	25	16	43	1		11	53	60	12	30	29		5	19	61	46	44	22		54	14	27	21	36	45		38	3	6	20	13	52


Rounds 9	|	56	32	51	41	1	34		50	9	48	26	0	59		49	16	43	42	25	10		40	18	17	8	35	58		3	45	52	4	22	21		60	11	53	38	36	14		46	6	19	13	28	37		30	62	61	12	5	44
Rounds 10	|	40	16	35	25	50	18		34	58	32	10	49	43		33	0	56	26	9	59		24	2	1	57	48	42		54	29	36	19	6	5		44	62	37	22	20	61		30	53	3	60	12	21		14	46	45	27	52	28

Rounds 11	|	24	0	48	9	34	2		18	42	16	59	33	56		17	49	40	10	58	43		8	51	50	41	32	26		38	13	20	3	53	52		28	46	21	6	4	45		14	37	54	44	27	5		61	30	29	11	36	12
Rounds 12	|	8	49	32	58	18	51		2	26	0	43	17	40		1	33	24	59	42	56		57	35	34	25	16	10		22	60	4	54	37	36		12	30	5	53	19	29		61	21	38	28	11	52		45	14	13	62	20	27

Rounds 13	|	57	33	16	42	2	35		51	10	49	56	1	24		50	17	8	43	26	40		41	48	18	9	0	59		6	44	19	38	21	20		27	14	52	37	3	13		45	5	22	12	62	36		29	61	60	46	4	11
Rounds 14	|	41	17	0	26	51	48		35	59	33	40	50	8		34	1	57	56	10	24		25	32	2	58	49	43		53	28	3	22	5	4		11	61	36	21	54	60		29	52	6	27	46	20		13	45	44	30	19	62

Rounds 15	|	25	1	49	10	35	32		48	43	17	24	34	57		18	50	41	40	59	8		9	16	51	42	33	56		37	12	54	6	52	19		62	45	20	5	38	44		13	36	53	11	30	4		60	29	28	14	3	46
Rounds 16	|	17	58	41	2	56	24		40	35	9	16	26	49		10	42	33	32	51	0		1	8	43	34	25	48		29	4	46	61	44	11		54	37	12	60	30	36		5	28	45	3	22	27		52	21	20	6	62	38




===========================================================================================================================================================================================================================

		S1							 S2							  S3						  S4						  S5						  S6						 S7							  S8

10	51	34	60	49	17		33	57	2	9	19	42		3	35	26	25	44	58		59	1	36	27	18	41		22	28	‎‎39	54	37	4		47	30	5	53	23	29		61	21	38	63	15	20		45	14	13	62	55	31‎	
2	43	26	52	41	9		25	49	59	1	11	34		60	27	18	17	36	50		51	58	57	19	10	33		14	‎20	31	46	29	63		39	22	28	45	15	21		53	13	30	55	7	12		37	6	5	54	47	23‎	
51	27	10	36	25	58		9	33	43	50	60	18		44	11	2	1	49	34		35	42	41	3	59	17		61	4	‎‎15	30	13	47		23	6	12	29	62	5		37	28	14	39	54	63		21	53	20	38	31	7‎	
35	11	59	49	9	42		58	17	27	34	44	2		57	60	51	50	33	18		19	26	25	52	43	1		45	‎‎55	62	14	28	31		7	53	63	13	46	20		21	12	61	23	38	47		5	37	4	22	15	54‎	
19	60	43	33	58	26		42	1	11	18	57	51		41	44	35	34	17	2		3	10	9	36	27	50		29	39	‎‎46	61	12	15		54	37	47	28	30	4		5	63	45	7	22	31		20	21	55	6	62	38‎	
3	44	27	17	42	10		26	50	60	2	41	35		25	57	19	18	1	51		52	59	58	49	11	34		13	‎‎23	30	45	63	62		38	21	31	12	14	55		20	47	29	54	6	15		4	5	39	53	46	22‎	
52	57	11	1	26	59		10	34	44	51	25	19		9	41	3	2	50	35		36	43	42	33	60	18		28	7	‎‎14	29	47	46		22	5	15	63	61	39		4	31	13	38	53	62		55	20	23	37	30	6‎	
36	41	60	50	10	43		59	18	57	35	9	3		58	25	52	51	34	19		49	27	26	17	44	2		12	‎‎54	61	13	31	30		6	20	62	47	45	23		55	15	28	22	37	46		39	4	7	21	14	53‎	
57	33	52	42	2	35		51	10	49	27	1	60		50	17	44	43	26	11		41	19	18	9	36	59		4	46	‎‎53	5	23	22		61	12	54	39	37	15		47	7	20	14	29	38		31	63	62	13	6	45‎	
41	17	36	26	51	19		35	59	33	11	50	44		34	1	57	27	10	60		25	3	2	58	49	43		55	‎‎30	37	20	7	6		45	63	38	23	21	62		31	54	4	61	13	22		15	47	46	28	53	29‎	
25	1	49	10	35	3		19	43	17	60	34	57		18	50	41	11	59	44		9	52	51	42	33	27		39	‎‎14	21	4	54	53		29	47	22	7	5	46		15	38	55	45	28	6		62	31	30	12	37	13‎	
9	50	33	59	19	52		3	27	1	44	18	41		2	34	25	60	43	57		58	36	35	26	17	11		23	‎‎61	5	55	38	37		13	31	6	54	20	30		62	22	39	29	12	53		46	15	14	63	21	28‎	
58	34	17	43	3	36		52	11	50	57	2	25		51	18	9	44	27	41		42	49	19	10	1	60		7	45	‎‎20	39	22	21		28	15	53	38	4	14		46	6	23	13	63	37		30	62	61	47	5	12‎	
42	18	1	27	52	49		36	60	34	41	51	9		35	2	58	57	11	25		26	33	3	59	50	44		54	‎‎29	4	23	6	5		12	62	37	22	55	61		30	53	7	28	47	21		14	46	45	31	20	63‎	
26	2	50	11	36	33		49	44	18	25	35	58		19	51	42	41	60	9		10	17	52	43	34	57		38	‎‎13	55	7	53	20		63	46	21	6	39	45		14	37	54	12	31	5		61	30	29	15	4	47‎	
18	59	42	3	57	25		41	36	10	17	27	50		11	43	34	33	52	1		2	9	44	35	26	49		30	5	‎‎47	62	45	12		55	38	13	61	31	37		6	29	46	4	23	28		53	22	21	7	63	39‎	


	   S_Box 1					   S_Box 2						S_Box 3						S_Box 4						S_Box 5						S_Box 6						S_Box 7						S_Box 8			

