0010110001100000101100111000111100110001100110101100000000011100
1010100111111101100010101001010101011010101111001011111111111110
1101101101011011010011110100001101010100000011111011101011101001
1001111100001010111100000101100101111101101011100110001010101111
1111010001100101011000110001111010110000111110000010010001010011
1000010000001001111100011111100100000100011101011000000101100000
0101101101000100010000010011000000100111101001000000010111110101
0001011000101110101011000011111011010001110111100010101001011111
0011110111111010110100000111110110101111001001000000000000111100
0101101110100100110001010111110111101000100111101001001011001011
