rounds: 6 key: 0000000000000000000000000000000000000000000000000000000000000000
1010110011011100101110000010100010100011000110110000111010100111 0000100101101011001010011000001110100000001001111010001101000001
1011111110010011101010001111110011100101010101010101010110011011 0001000111010010111001100111101110101100101001100001011110001001
1100100011110000001001010110011111110100010011001111011000110111 0101001101110111110111100110011010101000000101000001110000001000
0111101101011111101111111101000011101100111000010011001101000100 1100100110000100111100011110001101110010101000111101000001110010
1111110001110100000100111100111001010001000000101100101001111001 0110000011001001011011000000101001011101000110100110000101100111
0101011111011111110000110111110101100111111101001011000101101101 0001111011111010000111101001000001101101001001010100100011100011
0110100011001110100001011100100011010011000100101101011110000011 0011001101010011110000001111110101101011101100101011111101010101
1110100001010100010100010101010101110111100000111000110110010111 0000100001110111011000101010111111011101000010101000011101110011
1110000000100101000111000100001111111011000111100001110110000001 0111100100110011110111101001100011010110001000001010000110010100
1000111010001010110110111001000010110111011100100010010000000000 1011110101001101010011100000101100110111011001000111101100001101
