rounds: 16 key: 0100100100100100100100001001001100001001001101001000101000100100
0011011100011011111100010100011111010000011001011000101010110010 1011111001101001000101110011101101010011010010000001111001101011
1111111010001111001100100100010010001110111011101100100101011010 1100111100101111110100101110110110000110110111001001110110100100
0001100001101011110100111000000101011010111011010111011111011001 1101101111001001100111011011100100100001010111111001010111000010
1011011110100010110111110100100111010101001101001001000101001100 0000001011111010110001110100011000111100111000010000111011011001
1111100100110101000110001011001111011111001010010101111010111001 1110101001111010111011011100110000010111111110000110101010001111
0011100010011010010010101000001110000000100000101110111111000111 1000010011111110001111111110100101110011011001101001001000110110
0001000111010010111010110110110100011111000000100011111011110111 0111001010110100011001101010101010101011000101000110100101110111
0010000110001001111011001001010010110100001011111110101010100011 0101010011111100111000110110100101100100011000110110111010111010
0100000100110101111100000111010100001101110100111001000101110011 0001111001101001001011000110010011101011001100111011011000001000
0110111101000110011101001111100000001000001000111011101011101100 1000000111100100010011011000111010001011111100000100010111000000
1001110011101010001110000100001101100000011100010110010011111111 0010111100110101010101011101010011101111100110011100011110011110
0110001100011000000010110011011010110111001001011100000001101110 1110010111101001110111001000110000000011100110001001110111001011
0110111001001100000101101001100000011101001110110000000011010111 1100110101101110100000010100000110000110001100101110011000111010
0001010111100100100001100000010011010001000100101001111110111011 1000101110110000001101100100110100011110111010011101100111101010
1010011111000100000000111011100110111101001000111111000010100111 1100001011000000000101001110110111011100110010101000010110101110
1111010101111110001010110111000000010100101000100110011010101110 0111011001001011001001101000100100001000111111111111000001110100
0110101100100100111000100011001011100010001101010000000101101011 0011100010110001011011110010010111000110001010000110100011010010
1010001110001011111101001011111111000001101010011001101011111011 1011111010001000001100000000010010100000010110101000000011110110
0100111111010110100101101111110100111000100101011100000100001000 0010110101010010110011101101011100011100100111111001100011010011
0110100010110111011100000111011111101100010001010011100100101100 1011111101110010000000110000110010001011100111110111101111110111
0011000100110001010000000100010100101101010101110101011100101001 0001011101110101011011001000100101100001000000000001110010001010
1010001111100000110101011010110010100111101100001010101100011000 0011001101101010001101010100001100110000100001110111000100010010
1000010101100010110001001111111110010001100101001001110000101110 0110100000001100010111011100010111010111011100111001010010011101
1110010001001111101101101010101101011101000100111010011110111101 1000111111010110110101001100101101101110010011011101000111001100
0100101000111011111000001111010101001101011100001001100011010100 1111110110011010000011100111010001011011001010111000110111111010
0010101001001111111110001001100101111110001001010010010111101001 0101101010010101011110010010110100101100111000001110001011100010
1111011000011111000001010100110010100000010011011010000110100111 0000110111000011110101010100110101100110011110011110110111000010
1011010010010011000011101001011110100001110100101101110110110010 1000000111010000101011001100111000001101111000001011010001111011
1111011101011111110101010010000110000111111011100111110111101011 0100101011100010101101111110011010011100011000000110101110101100
1011110000000110111100000111111100110101001000110011011101100111 1011000001111011001001000011111110101010010111001110101000010000
1001010110110010100100010011010101100110100101101110101010111010 1100111101111111010001010001001011010100000100010100000101001100
0000000010011000110111101011100010010101100101100100001100110111 0100100010111000010110101011100001110000100001000011111101110001
0001100001100000110000000010110010010110100000000010101110000000 1111011100101110111101010111000100100011110000110100100110011000
0110110110111100000101110000111011010100110101101010010111000110 0010110000011111010110110001000000111101011111101101010100110101
0111111110100110011010111101101111010100101000011101101101001000 1100100110010011000001011101010110001101001100101110110000110100
0110101111110001000000110001101101001000011100100100000011110001 1001011000010110001101110110011110001100010111110011111111110101
0011011110101001110000011110001110000001111111010000011011110010 1111110111110111100010011101100100011010101011110001111101000111
1010010111110001100100110101001111011111000010110110010111101000 1001001110010111100000011000110100001001001001100001110100011001
1010111100100001110110010011010101110101100001000011010100000110 0110100011001110111001000000101010000001010100101101000101101011
1010000010010101111000011010100001110101001001011000001001101010 0000001001110001110000010001101010001110001010110110011110000011
1001110111000100000001101111010010011101100010111100111010111111 1010110010110100001000110011011011001011100101110110110100110100
0011010000001011101000001000000111110010010011011000010100011011 0011101110000011000110010010011110011001110001000001111010011110
0100010010111000100000100011011111110011101111000000111110001110 0111000111000001011100011001010001001100101010101000100011011010
1101100111011100100101111001111010111100011011100110110100010001 1010101100101111010111101100111001111010111100101010100011010111
0000100011101101111101011101000101101010011111011100101111010011 1101101001100101111111000100101001010010011101101010010101100011
0010000000001101000111110100000001001101010101101011011110000011 0111111000110110001111010111010100111001011000110111001010110111
1101101011011000100100111100000010100000111100110010010010010010 1000000010101010000110000100110010000101100100001101010100011011
0001010100100001110001100010001011100011000011101001011111011011 0100110011011101010100100010010111111101010110001101100111110001
1101000110111110011100000111001111110100101001101110010101101111 0000000101100101100011101010111101100110100111100100010101000000
1111100001110010010101000010000100110010000101010000011011010111 1110100000100101101111010100110010100110111100001011111110101111
1011011101100100111101011110010110111000011011101010000110110100 1101010100001001100101000110101011000000000110001100111101000011
1101100101011001011110111110100011011001111111101011010010101000 1001101011000100110101110111101000100010111001111000001101010011
0001001100001011100001000011001100101001111001000001000101101001 1101111101101011011011111111010111000000000000110111100001110001
0111001111000001110000010110010000000100001010110010111100110100 0001111111101000011000110010010100111011010110110010000101011011
0000011000000110000101010101110000101000001001000001111110001000 0001111011001110011010011010110000111010110001111101001001100010
0110000000010011101101111100011101110110111000000001100001111100 1010010001000100110110010000010111101110101100101100011100011001
1111010011110000111010110111001100100010000111100111100011000111 1111110010011100001111000010000011111111001001001110011001111000
0111010010001001111010011010101000101110110110110010000001110000 1001101100001011010101000101100010100000011111101111000011000001
0111010010001010111111110001001111101101011100010100010000111111 1000010011000010010100010110011110001000110110000111001000011001
0100010001100100001000101110001000011011111111000001000011000000 1101001011101011000001100000000111110110001010111011010000010100
0101001001100010000111000101010110111110100111011011011111010001 1101011001100100001000011010001111110011111000000000100001000011
0001111100000101101011011010011001010110000001110111011111100010 1011000010011111001001110100111011100010110111101101100001000100
1011000100010000010000111010100110100001110010111010101100111111 0111010000001000000000101101011111111011011011001100100001001000
1001100110001100100000100110000011111000111011100011110101010110 0100100000101101101001111001110001110111000111111110011011111010
0011011111111110110101000111011001000111101001001101010110100100 1010100011101011100001101111001011011111000100010010000001011111
1011011110000101010001100110000010100101000010001101011100111010 0100111101111000111100110011010111001100010010110100111010010000
0000110001011110111000001101110111011100111001011101100001010111 1110111000011011110101101011101110000000001000101010000100000101
0111111110001100110010101111100001001100101101001110100011001011 0010010000100110010001110111111100011001001100101011100001100001
0100001001011110011100111111101100100010100000100011101011001100 0001101111101101111111111100111000001001111111111010001100011110
0111010111101110100100010110011010011010001000010100100110011111 0000000001110100110101001100101111001101001011110010101101111111
0001111010111100101000111110010000011100011111001110001110101101 1100000110000101101101001100111101000110100001100000011000101100
1011101011100111000011000101000000001011000100001010101110010010 0011111101111001100011011011011000001101111111001000001100101100
0001111101110001010000000011101100001001000011110111001111111001 1011000110111100001110000101101011001000011001001010111101001110
1111110110110011000001010011110001101101001100100000101101111011 1100110100101001000111101100110100100110110100011100010001011000
1111011111111111110111010101001111010101110100001110101101101111 1011011111010101000001101001101110000111111111011110111100011010
1100100010001100101000111110001010111010011101101111001101010100 0100101110011000010100010110101110101010001001100010111000110011
10000000000101011111000011011011011100110111110100011110111001000 1010100011000101100101100101111011101011001110000010100100000100
1000110010101010010100001101010011001110100011111001101001101010 1000100000000011110100101000110001010011100110111010010101010111
1110110111110101000000101010101010100011010100101000111011000010 1101101101101011110111001111000110110010100110100010110010000010
0010111010111010010111111111111010110111100011101100001000111101 1111001001101011101011011000011000110001111001001000001010011010
1110011011110101000001110111101000000011111001101100001111111110 1001101101010010110111011000010011011000010000011011100011010011
1000100000001101011100111101001000011100110011010100101011110001 0110001100000011100010100000011111010110001011000101000001011111
1100101100001110100000111100110100011001001001010001011010110000 0011011011110001100011000000000000010011000110011010001100110011
1111111110111100000000011101101011110010110111011111100010000011 1001000000001010001001111110100001010000011010000001011001110111
0001111101010010000000001000011110110010010001011011101001011100 0110111001101110000100101001000011111000001000100011000100000011
0011101000110111111100110011110001101011010011101010111100100110 1000111100000000011011011011001000110101100101110100100100111111
1010100110001100111100010010010011011111001000010000101110010110 0001000110000100111101110001011011101111011100000011101100111011
1101100101011100000001000001111101111000010110001000010011101101 0010001101100001010001111100010010010011000011111101000111011110
0010100010100011001100111100001111110000101111011110011100001000 0011100100100100001101100100001101011100100100110010000001110111
0110100101111101111001001000110110010000101101000010110101011001 1011011100110101001011101001000010110110011100011100110111111001
0011001101010110000100000101011010001111000101110001111011110101 0010101111100111000111010010110000001100100010111000000101011001
0000011101101100100100001111000011110001110000111000101001111101 0110010111100100111110101111101100000100011110000000011001101010
1011010011100001001000110100110011111110100011000000111100001010 0010000111110011010010110101001100110101111101010010011011100100
1010010011001001110010000001110100001110001010110000010000010010 0111010111111110010000111010011001111000111011100101100111100011
1100010011101010111100010110110110111001110010011101000101001101 0001111110000001001110001011110101101100011011100010011111101000
0011100000001101101111011001000000101111001101111001111011101011 0100001110011010100100110100011011001100100111001000110000001011
0111011111010101101100100111100100111011000111001110100101001110 1101100000100011010111110110011101100101000011111110000010011100
0101100101000011111101100110010111100010101111001000000110000111 0101000100111101110111010101111110110001100110011111111101111000
0100110101011010101100001011101100011110001111011100110110001100 0010000100011011001101000110000110010110100001010011010110100101
1011011011011001101111100100111111101010000110110101111111110111 1111111011101010111111011110100100011010100101101110110111101110
