rounds: 16 key: 0100100100100100100100001001001100001001001101001000101000100100
0011011100011011111100010100011111010000011001011000101010110010 0100010010000111001100001110100101101100001010011011110101010111
1111111010001111001100100100010010001110111011101100100101011010 1011101000011101001110000111011010011010110011010010000100001011
0001100001101011110100111000000101011010111011010111011111011001 0100010010000111001100001110100101101100001010011011110101010111
1011011110100010110111110100100111010101001101001001000101001100 1011101000011101001110000111011010011010110011010010000100001011
1111100100110101000110001011001111011111001010010101111010111001 1011101000011101001110000111011010011010110011010010000100001011
0011100010011010010010101000001110000000100000101110111111000111 0100010010000111001100001110100101101100001010011011110101010111
0001000111010010111010110110110100011111000000100011111011110111 0001000000110010101101101000101001010010000011110011100011000011
0010000110001001111011001001010010110100001011111110101010100011 0100010010000111001100001110100101101100001010011011110101010111
0100000100110101111100000111010100001101110100111001000101110011 0100010010000111001100001110100101101100001010011011110101010111
0110111101000110011101001111100000001000001000111011101011101100 0100010010000111001100001110100101101100001010011011110101010111
1001110011101010001110000100001101100000011100010110010011111111 1011101000011101001110000111011010011010110011010010000100001011
0110001100011000000010110011011010110111001001011100000001101110 0100010010000111001100001110100101101100001010011011110101010111
0110111001001100000101101001100000011101001110110000000011010111 0100010010000111001100001110100101101100001010011011110101010111
0001010111100100100001100000010011010001000100101001111110111011 0100010010000111001100001110100101101100001010011011110101010111
1010011111000100000000111011100110111101001000111111000010100111 1011101000011101001110000111011010011010110011010010000100001011
1111010101111110001010110111000000010100101000100110011010101110 1011101000011101001110000111011010011010110011010010000100001011
0110101100100100111000100011001011100010001101010000000101101011 0100010010000111001100001110100101101100001010011011110101010111
1010001110001011111101001011111111000001101010011001101011111011 1011101000011101001110000111011010011010110011010010000100001011
0100111111010110100101101111110100111000100101011100000100001000 0100010010000111001100001110100101101100001010011011110101010111
0110100010110111011100000111011111101100010001010011100100101100 0100010010000111001100001110100101101100001010011011110101010111
0011000100110001010000000100010100101101010101110101011100101001 0100010010000111001100001110100101101100001010011011110101010111
1010001111100000110101011010110010100111101100001010101100011000 1011101000011101001110000111011010011010110011010010000100001011
1000010101100010110001001111111110010001100101001001110000101110 1011101000011101001110000111011010011010110011010010000100001011
1110010001001111101101101010101101011101000100111010011110111101 1011101000011101001110000111011010011010110011010010000100001011
0100101000111011111000001111010101001101011100001001100011010100 0100010010000111001100001110100101101100001010011011110101010111
0010101001001111111110001001100101111110001001010010010111101001 0100010010000111001100001110100101101100001010011011110101010111
1111011000011111000001010100110010100000010011011010000110100111 1011101000011101001110000111011010011010110011010010000100001011
1011010010010011000011101001011110100001110100101101110110110010 1011101000011101001110000111011010011010110011010010000100001011
1111011101011111110101010010000110000111111011100111110111101011 1011101000011101001110000111011010011010110011010010000100001011
1011110000000110111100000111111100110101001000110011011101100111 1011101000011101001110000111011010011010110011010010000100001011
1001010110110010100100010011010101100110100101101110101010111010 1011101000011101001110000111011010011010110011010010000100001011
0000000010011000110111101011100010010101100101100100001100110111 0100010010000111001100001110100101101100001010011011110101010111
0001100001100000110000000010110010010110100000000010101110000000 0100010010000111001100001110100101101100001010011011110101010111
0110110110111100000101110000111011010100110101101010010111000110 0100010010000111001100001110100101101100001010011011110101010111
0111111110100110011010111101101111010100101000011101101101001000 0100010010000111001100001110100101101100001010011011110101010111
0110101111110001000000110001101101001000011100100100000011110001 0100010010000111001100001110100101101100001010011011110101010111
0011011110101001110000011110001110000001111111010000011011110010 0100010010000111001100001110100101101100001010011011110101010111
1010010111110001100100110101001111011111000010110110010111101000 1011101000011101001110000111011010011010110011010010000100001011
1010111100100001110110010011010101110101100001000011010100000110 1011101000011101001110000111011010011010110011010010000100001011
1010000010010101111000011010100001110101001001011000001001101010 1000000001100000000011000000011011101111010011000000101100111000
1001110111000100000001101111010010011101100010111100111010111111 1011101000011101001110000111011010011010110011010010000100001011
0011010000001011101000001000000111110010010011011000010100011011 0100010010000111001100001110100101101100001010011011110101010111
0100010010111000100000100011011111110011101111000000111110001110 0100010010000111001100001110100101101100001010011011110101010111
1101100111011100100101111001111010111100011011100110110100010001 1011101000011101001110000111011010011010110011010010000100001011
0000100011101101111101011101000101101010011111011100101111010011 0100010010000111001100001110100101101100001010011011110101010111
0010000000001101000111110100000001001101010101101011011110000011 0100010010000111001100001110100101101100001010011011110101010111
1101101011011000100100111100000010100000111100110010010010010010 1011101000011101001110000111011010011010110011010010000100001011
0001010100100001110001100010001011100011000011101001011111011011 0100010010000111001100001110100101101100001010011011110101010111
1101000110111110011100000111001111110100101001101110010101101111 1011101000011101001110000111011010011010110011010010000100001011
1111100001110010010101000010000100110010000101010000011011010111 1011101000011101001110000111011010011010110011010010000100001011
1011011101100100111101011110010110111000011011101010000110110100 1011101000011101001110000111011010011010110011010010000100001011
1101100101011001011110111110100011011001111111101011010010101000 1011101000011101001110000111011010011010110011010010000100001011
0001001100001011100001000011001100101001111001000001000101101001 0100010010000111001100001110100101101100001010011011110101010111
0111001111000001110000010110010000000100001010110010111100110100 0100010010000111001100001110100101101100001010011011110101010111
0000011000000110000101010101110000101000001001000001111110001000 0100010010000111001100001110100101101100001010011011110101010111
0110000000010011101101111100011101110110111000000001100001111100 0100010010000111001100001110100101101100001010011011110101010111
1111010011110000111010110111001100100010000111100111100011000111 1011101000011101001110000111011010011010110011010010000100001011
0111010010001001111010011010101000101110110110110010000001110000 0100010010000111001100001110100101101100001010011011110101010111
0111010010001010111111110001001111101101011100010100010000111111 0100010010000111001100001110100101101100001010011011110101010111
0100010001100100001000101110001000011011111111000001000011000000 0100010010000111001100001110100101101100001010011011110101010111
0101001001100010000111000101010110111110100111011011011111010001 0100010010000111001100001110100101101100001010011011110101010111
0001111100000101101011011010011001010110000001110111011111100010 0100010010000111001100001110100101101100001010011011110101010111
1011000100010000010000111010100110100001110010111010101100111111 1011101000011101001110000111011010011010110011010010000100001011
1001100110001100100000100110000011111000111011100011110101010110 1011101000011101001110000111011010011010110011010010000100001011
0011011111111110110101000111011001000111101001001101010110100100 0100010010000111001100001110100101101100001010011011110101010111
1011011110000101010001100110000010100101000010001101011100111010 1011101000011101001110000111011010011010110011010010000100001011
0000110001011110111000001101110111011100111001011101100001010111 0100010010000111001100001110100101101100001010011011110101010111
0111111110001100110010101111100001001100101101001110100011001011 0100010010000111001100001110100101101100001010011011110101010111
0100001001011110011100111111101100100010100000100011101011001100 0100010010000111001100001110100101101100001010011011110101010111
0111010111101110100100010110011010011010001000010100100110011111 0100010010000111001100001110100101101100001010011011110101010111
0001111010111100101000111110010000011100011111001110001110101101 0100010010000111001100001110100101101100001010011011110101010111
1011101011100111000011000101000000001011000100001010101110010010 1011101000011101001110000111011010011010110011010010000100001011
0001111101110001010000000011101100001001000011110111001111111001 0100010010000111001100001110100101101100001010011011110101010111
1111110110110011000001010011110001101101001100100000101101111011 1011101000011101001110000111011010011010110011010010000100001011
1111011111111111110111010101001111010101110100001110101101101111 1011101000011101001110000111011010011010110011010010000100001011
1100100010001100101000111110001010111010011101101111001101010100 1011101000011101001110000111011010011010110011010010000100001011
10000000000101011111000011011011011100110111110100011110111001000 1011101000011101001110000111011010011010110011010010000100001011
1000110010101010010100001101010011001110100011111001101001101010 1011101000011101001110000111011010011010110011010010000100001011
1110110111110101000000101010101010100011010100101000111011000010 1011101000011101001110000111011010011010110011010010000100001011
0010111010111010010111111111111010110111100011101100001000111101 0100010010000111001100001110100101101100001010011011110101010111
1110011011110101000001110111101000000011111001101100001111111110 1011101000011101001110000111011010011010110011010010000100001011
1000100000001101011100111101001000011100110011010100101011110001 1011101000011101001110000111011010011010110011010010000100001011
1100101100001110100000111100110100011001001001010001011010110000 1011101000011101001110000111011010011010110011010010000100001011
1111111110111100000000011101101011110010110111011111100010000011 1011101000011101001110000111011010011010110011010010000100001011
0001111101010010000000001000011110110010010001011011101001011100 0100010010000111001100001110100101101100001010011011110101010111
0011101000110111111100110011110001101011010011101010111100100110 0100010010000111001100001110100101101100001010011011110101010111
1010100110001100111100010010010011011111001000010000101110010110 1011101000011101001110000111011010011010110011010010000100001011
1101100101011100000001000001111101111000010110001000010011101101 1011101000011101001110000111011010011010110011010010000100001011
0010100010100011001100111100001111110000101111011110011100001000 0100010010000111001100001110100101101100001010011011110101010111
0110100101111101111001001000110110010000101101000010110101011001 0100010010000111001100001110100101101100001010011011110101010111
0011001101010110000100000101011010001111000101110001111011110101 0100010010000111001100001110100101101100001010011011110101010111
0000011101101100100100001111000011110001110000111000101001111101 0100010010000111001100001110100101101100001010011011110101010111
1011010011100001001000110100110011111110100011000000111100001010 1011101000011101001110000111011010011010110011010010000100001011
1010010011001001110010000001110100001110001010110000010000010010 1011101000011101001110000111011010011010110011010010000100001011
1100010011101010111100010110110110111001110010011101000101001101 1011101000011101001110000111011010011010110011010010000100001011
0011100000001101101111011001000000101111001101111001111011101011 0100010010000111001100001110100101101100001010011011110101010111
0111011111010101101100100111100100111011000111001110100101001110 0100010010000111001100001110100101101100001010011011110101010111
0101100101000011111101100110010111100010101111001000000110000111 0100010010000111001100001110100101101100001010011011110101010111
0100110101011010101100001011101100011110001111011100110110001100 0100010010000111001100001110100101101100001010011011110101010111
1011011011011001101111100100111111101010000110110101111111110111 1011101000011101001110000111011010011010110011010010000100001011
